110001000
001011100
010000000
001011101
111111111
001101111
001010111
001010111
000111011
000001101
101000001
000000000
010000100
001011110
001101011
000001001
100100011
000001010
100100001
000000000
110000001
010110000
001101011
010110100
010111000
110010001
010111100
010011100
001011111
000011111
001000011
010111100
001101011
000001011
100100010
111100010
000000001
010010000
001011111
001101011
010110000
010010100
001011101
010011000
001011110
001100101
001100110
101100001
001010101
001000010
000111011
001011110
010111000
001000001
010110100
001101111
010000100
000001110
101100001
001010111
000010110
010000000
000111011
001101111
000001101
101100001
001010111
000010101
001101011
000001011
100100100
001000001
010110100
001000010
010111000
110000001
000110111
010001000
001011101
010001100
001011110
001100101
001100110
101100001
001010101
001000010
000111011
001011110
010101100
001000001
010101000
110011011
000000001
000000000
