000000111
110000000
001011100
001010100
110000111
001011101
001000000
010100001
110000010
001011101
010000001
000000101
001101111
010101011
110000011
001011101
010000001
000000101
001101111
010101111
101100010
110011000
000000001
110000010
000000001
110000011
001011101
010000001
000000100
001101111
010101111
110000010
001011101
010000001
000000100
001101111
010101011
000000111
110000000
001011101
010000001
001011110
110000001
001011101
010000001
001011111
110000010
001011100
010000000
001111011
001101100
010100100
110000011
001011100
010000000
001111010
001101100
010100000
101100100
001000010
010100000
001000011
010100100
000000110
110000101
001011100
010000000
000000101
010100000
110000100
001011100
010000000
000000101
010100000
110000111
001011100
010000000
001101100
001011101
000011101
001000001
010111100
000001000
100100010
111010111
000000001
110011000
000000001
110000000
001011101
110000001
001011100
010000000
000001001
100011010
110001000
001011110
110000001
001011100
010000000
001111010
001011111
110000001
001011100
010000000
001011101
001101100
010111000
110000000
110000000
001011110
001011100
001000000
000001011
100000110
001100101
001010110
001000010
001011100
111101111
000000001
001000001
001101100
010111000
000000000
