110010000
001011100
001101000
011001000
011001100
011010000
011010100
010000000
001101101
000001001
100100100
010000100
000001001
100100001
000000000
010000000
000001001
100100001
001010100
111000000
001011110
010000000
001011101
001000010
000001110
101100100
001110110
001110110
110010110
000000001
001000010
011010000
110010000
001011100
010010000
001011110
010010100
001011111
010001100
000111111
101100001
001010110
010001000
000111110
010000100
001011101
001000011
000010001
101100001
001010110
001011111
010000000
001011101
001000010
000010001
001011110
101001100
001000010
011000000
001000011
011000100
010010100
001011111
010010000
001100111
000000101
001011110
111000110
000000001
001101110
001101111
111000000
001011101
001100101
010001100
000111111
001110111
010001000
000111110
001110110
101100010
001000001
000111111
001000010
011001000
001000011
011001100
001101101
010010000
001011110
010010100
001110110
000000100
001110110
000000100
011010100
000100101
001000010
011010000
000100101
001101011
000001001
100000010
110100001
000000001
010001100
011001000
000000000
